[{"ID": 0, "centroid": [-3183.7915, -218.18677, 1929.0], "coeffs": [25.000030517578146, 10.953149795532235, 19.696149826049805], "basis": [[-4.371139006309477e-08, 0.9999999999999991, 0.0], [-0.9999999999999991, -4.3711389952072466e-08, -0.0], [0.0, 0.0, 1.0]]}, {"ID": 1, "centroid": [-3183.7915, -1224.3936, 1929.0], "coeffs": [25.000030517578146, 10.953149795532235, 19.696149826049805], "basis": [[-4.371139006309477e-08, 0.9999999999999991, 0.0], [-0.9999999999999991, -4.3711389952072466e-08, -0.0], [0.0, 0.0, 1.0]]}, {"ID": 2, "centroid": [-2447.2334, -2497.907, 1929.0], "coeffs": [25.00003051757822, 10.953149795532267, 19.696149826049805], "basis": [[-0.999999999999996, -8.742277999999967e-08, 0.0], [8.742277999999967e-08, -0.9999999999999962, -0.0], [0.0, 0.0, 1.0]]}, {"ID": 3, "centroid": [-3183.7915, -720.38666, 1929.0], "coeffs": [25.000076293945334, 10.953149795532235, 19.696149826049805], "basis": [[-4.371139006309477e-08, 0.9999999999999991, 0.0], [-0.9999999999999991, -4.3711389952072466e-08, -0.0], [0.0, 0.0, 1.0]]}, {"ID": 4, "centroid": [-3183.7915, -1750.3934, 1929.0], "coeffs": [25.000076293945334, 10.953149795532235, 19.696149826049805], "basis": [[-4.371139006309477e-08, 0.9999999999999991, 0.0], [-0.9999999999999991, -4.3711389952072466e-08, -0.0], [0.0, 0.0, 1.0]]}, {"ID": 5, "centroid": [-1901.2335, -2497.907, 1929.0], "coeffs": [25.00007629394541, 10.953149795532267, 19.696149826049805], "basis": [[-0.999999999999996, -8.742277999999967e-08, 0.0], [8.742277999999967e-08, -0.9999999999999962, -0.0], [0.0, 0.0, 1.0]]}, {"ID": 6, "centroid": [-3183.7915, -469.28668, 1929.0], "coeffs": [226.09989000000022, 5.556696891784673, 9.992143630981445], "basis": [[-4.3711387176514904e-08, 0.999999999999999, 0.0], [-0.999999999999999, -4.371138728753721e-08, -0.0], [0.0, 0.0, 1.0]]}, {"ID": 7, "centroid": [-3183.7915, -1487.3936, 1929.0], "coeffs": [237.9998880000002, 5.556696891784674, 9.992143630981445], "basis": [[-4.37113869544703e-08, 0.9999999999999991, 0.0], [-0.9999999999999991, -4.3711386843448e-08, -0.0], [0.0, 0.0, 1.0]]}, {"ID": 8, "centroid": [-2174.2334, -2497.907, 1929.0], "coeffs": [247.99988700000094, 5.556696891784689, 9.992143630981445], "basis": [[-0.999999999999996, -8.742277914828211e-08, 0.0], [8.742277914828211e-08, -0.9999999999999962, -0.0], [0.0, 0.0, 1.0]]}, {"ID": 9, "centroid": [-2010.5115, 2560.7007, 1800.0], "coeffs": [1469.9999981730155, 87.17300052017268, 999.9999730799999], "basis": [[0.9999995940328459, 0.0009010738830865632, 0.0], [-0.0009010738830865632, 0.9999995940328462, 0.0], [0.0, 0.0, 1.0]]}, {"ID": 10, "centroid": [-2865.4282, 2096.5598, 781.5], "coeffs": [31.080900025735104, 11.953400009897463, 17.71125], "basis": [[-4.069407796625235e-05, 0.9999999991719961, 0.0], [-0.9999999991719961, -4.069407796614133e-05, -0.0], [0.0, 0.0, 1.0]]}, {"ID": 11, "centroid": [-2865.4282, 2096.5598, 581.5], "coeffs": [31.080900025735104, 11.953400009897463, 17.71125], "basis": [[-4.069407796625235e-05, 0.9999999991719961, 0.0], [-0.9999999991719961, -4.069407796614133e-05, -0.0], [0.0, 0.0, 1.0]]}, {"ID": 12, "centroid": [-2887.3474, 114.20479, 660.0], "coeffs": [31.080900025735104, 11.953400009897463, 17.71125], "basis": [[-4.069407796625235e-05, 0.9999999991719961, 0.0], [-0.9999999991719961, -4.069407796614133e-05, -0.0], [0.0, 0.0, 1.0]]}, {"ID": 13, "centroid": [-2887.3699, 664.20483, 660.0], "coeffs": [31.080900025735104, 11.953400009897463, 17.71125], "basis": [[-4.069407796625235e-05, 0.9999999991719961, 0.0], [-0.9999999991719961, -4.069407796614133e-05, -0.0], [0.0, 0.0, 1.0]]}, {"ID": 14, "centroid": [-2887.3525, 239.99353, 331.0], "coeffs": [31.080900000000028, 11.953400009897464, 17.711250014665005], "basis": [[1.7787993300544258e-12, -4.371138999999996e-08, -0.9999999999999991], [-0.999999999171996, -4.069407796635172e-05, 1.1102230246251565e-16], [-4.06940779664627e-05, 0.999999999171995, -4.3711390036193e-08]]}, {"ID": 15, "centroid": [-3166.3557, 314.59497, 1779.0809], "coeffs": [31.080900000000028, 11.953400009897464, 17.711250014665005], "basis": [[1.7787993300544258e-12, -4.371138999999996e-08, -0.9999999999999991], [-0.999999999171996, -4.069407796635172e-05, 1.1102230246251565e-16], [-4.06940779664627e-05, 0.999999999171995, -4.3711390036193e-08]]}, {"ID": 16, "centroid": [-3166.3704, 670.76746, 1779.0809], "coeffs": [31.080900000000028, 11.953400009897464, 17.711250014665005], "basis": [[1.7787993300544258e-12, -4.371138999999996e-08, -0.9999999999999991], [-0.999999999171996, -4.069407796635172e-05, 1.1102230246251565e-16], [-4.06940779664627e-05, 0.999999999171995, -4.3711390036193e-08]]}, {"ID": 17, "centroid": [-2865.4, 1396.56, 781.5], "coeffs": [31.080900025735104, 11.953400009897463, 17.71125], "basis": [[-4.069407796625235e-05, 0.9999999991719961, 0.0], [-0.9999999991719961, -4.069407796614133e-05, -0.0], [0.0, 0.0, 1.0]]}, {"ID": 18, "centroid": [-2865.4, 1396.56, 581.5], "coeffs": [31.080900025735104, 11.953400009897463, 17.71125], "basis": [[-4.069407796625235e-05, 0.9999999991719961, 0.0], [-0.9999999991719961, -4.069407796614133e-05, -0.0], [0.0, 0.0, 1.0]]}, {"ID": 19, "centroid": [3268.9038, -3410.409, 793.4], "coeffs": [80.00000181070038, 10.000000337250048, 22.499999078960172], "basis": [[-4.3711388508782534e-08, 0.9999999999999953, 8.742277559310685e-08], [0.9999999999999953, 4.37113959472768e-08, -8.742277899866674e-08], [-8.742278282003789e-08, 8.742277177173538e-08, -0.9999999999999923]]}, {"ID": 20, "centroid": [3268.9038, -2701.8633, 493.4], "coeffs": [80.00000181070038, 10.000000337250048, 22.499999078960172], "basis": [[-4.3711388508782534e-08, 0.9999999999999953, 8.742277559310685e-08], [0.9999999999999953, 4.37113959472768e-08, -8.742277899866674e-08], [-8.742278282003789e-08, 8.742277177173538e-08, -0.9999999999999923]]}, {"ID": 21, "centroid": [3268.9038, -2701.8633, 693.4], "coeffs": [80.00000181070038, 10.000000337250048, 22.499999078960172], "basis": [[-4.3711388508782534e-08, 0.9999999999999953, 8.742277559310685e-08], [0.9999999999999953, 4.37113959472768e-08, -8.742277899866674e-08], [-8.742278282003789e-08, 8.742277177173538e-08, -0.9999999999999923]]}, {"ID": 22, "centroid": [3268.9038, -2701.8633, 893.4], "coeffs": [80.00000181070038, 10.000000337250048, 22.499999078960172], "basis": [[-4.3711388508782534e-08, 0.9999999999999953, 8.742277559310685e-08], [0.9999999999999953, 4.37113959472768e-08, -8.742277899866674e-08], [-8.742278282003789e-08, 8.742277177173538e-08, -0.9999999999999923]]}, {"ID": 23, "centroid": [3268.9038, -2701.8633, 1093.4], "coeffs": [80.00000181070038, 10.000000337250048, 22.499999078960172], "basis": [[-4.3711388508782534e-08, 0.9999999999999953, 8.742277559310685e-08], [0.9999999999999953, 4.37113959472768e-08, -8.742277899866674e-08], [-8.742278282003789e-08, 8.742277177173538e-08, -0.9999999999999923]]}, {"ID": 24, "centroid": [3268.9038, -2701.8633, 293.40002], "coeffs": [80.00000181070038, 10.000000337250048, 22.499999078960172], "basis": [[-4.3711388508782534e-08, 0.9999999999999953, 8.742277559310685e-08], [0.9999999999999953, 4.37113959472768e-08, -8.742277899866674e-08], [-8.742278282003789e-08, 8.742277177173538e-08, -0.9999999999999923]]}, {"ID": 25, "centroid": [3250.904, -2829.3633, 1874.1], "coeffs": [226.00001124980534, 10.000000337250126, 22.499999078960432], "basis": [[-1.311341559784296e-07, -0.9999999999999764, -1.7484554475983034e-07], [0.9999999999999877, -1.3113417074439582e-07, 8.742277352791735e-08], [-8.742279645614082e-08, -1.7484553329571654e-07, 0.9999999999999809]]}, {"ID": 26, "centroid": [3250.904, -3284.3633, 1874.1], "coeffs": [226.00001124980534, 10.000000337250126, 22.499999078960432], "basis": [[-1.311341559784296e-07, -0.9999999999999764, -1.7484554475983034e-07], [0.9999999999999877, -1.3113417074439582e-07, 8.742277352791735e-08], [-8.742279645614082e-08, -1.7484553329571654e-07, 0.9999999999999809]]}, {"ID": 27, "centroid": [2448.91, 551.6432, 2024.1], "coeffs": [264.7500024503063, 10.000000337250125, 22.499999078960432], "basis": [[-1.311341519816267e-07, -0.9999999999999762, -1.7484554636715715e-07], [0.999999999999988, -1.3113416696963753e-07, 8.742277352791806e-08], [-8.742279645614101e-08, -1.748455349030437e-07, 0.9999999999999809]]}, {"ID": 28, "centroid": [2448.91, 19.143188, 2024.1], "coeffs": [264.7500024503063, 10.000000337250125, 22.499999078960432], "basis": [[-1.311341519816267e-07, -0.9999999999999762, -1.7484554636715715e-07], [0.999999999999988, -1.3113416696963753e-07, 8.742277352791806e-08], [-8.742279645614101e-08, -1.748455349030437e-07, 0.9999999999999809]]}, {"ID": 29, "centroid": [2448.9102, -513.3569, 2024.1], "coeffs": [264.7500024503063, 10.000000337250125, 22.499999078960432], "basis": [[-1.311341519816267e-07, -0.9999999999999762, -1.7484554636715715e-07], [0.999999999999988, -1.3113416696963753e-07, 8.742277352791806e-08], [-8.742279645614101e-08, -1.748455349030437e-07, 0.9999999999999809]]}, {"ID": 30, "centroid": [2448.9102, -1045.8569, 2024.1], "coeffs": [264.7500024503063, 10.000000337250125, 22.499999078960432], "basis": [[-1.311341519816267e-07, -0.9999999999999762, -1.7484554636715715e-07], [0.999999999999988, -1.3113416696963753e-07, 8.742277352791806e-08], [-8.742279645614101e-08, -1.748455349030437e-07, 0.9999999999999809]]}, {"ID": 31, "centroid": [13.482193, -2240.0364, 1724.1], "coeffs": [206.25000885187166, 10.000000460424284, 22.499999078960432], "basis": [[-0.0001569549126532177, 0.9999999876825622, -1.7484554471834994e-07], [-0.9999999876825738, -0.00015695491263834072, 8.742277244910457e-08], [8.739532850508358e-08, 1.7485926399831657e-07, 0.9999999999999809]]}, {"ID": 32, "centroid": [13.54744, -2655.5364, 1724.1], "coeffs": [206.25000885187166, 10.000000460424284, 22.499999078960432], "basis": [[-0.0001569549126532177, 0.9999999876825622, -1.7484554471834994e-07], [-0.9999999876825738, -0.00015695491263834072, 8.742277244910457e-08], [8.739532850508358e-08, 1.7485926399831657e-07, 0.9999999999999809]]}, {"ID": 33, "centroid": [213.30768, -1128.7352, 1639.6], "coeffs": [298.5000052477556, 10.000000460424285, 22.499999078960432], "basis": [[-0.00015695492097167474, 0.999999987682561, -1.7484554773930754e-07], [-0.9999999876825727, -0.00015695492095635366, 8.742277245055895e-08], [8.739532850460934e-08, 1.7485926702000126e-07, 0.9999999999999809]]}, {"ID": 34, "centroid": [213.30768, -1128.7352, 425.90002], "coeffs": [298.500005255949, 10.000000460698885, 22.499999078960172], "basis": [[0.00015712977952331286, -0.9999999876551126, 8.74227758245238e-08], [-0.9999999876551126, -0.0001571297795305293, -8.742277791949311e-08], [8.743651356176e-08, -8.740903802347965e-08, -0.9999999999999923]]}, {"ID": 35, "centroid": [1600.4387, -2362.1072, 824.1], "coeffs": [248.4999989787059, 10.000000337250126, 22.499999078960432], "basis": [[-1.3113416463816918e-07, -0.9999999999999764, -1.748455559503772e-07], [0.9999999999999877, -1.311341794041354e-07, 8.742277352791582e-08], [-8.742279645614228e-08, -1.7484554448626265e-07, 0.9999999999999809]]}, {"ID": 36, "centroid": [1600.4387, -2362.1072, 775.9], "coeffs": [248.49999897870117, 10.00000033725005, 22.499999078960172], "basis": [[-4.371138651038109e-08, 0.9999999999999953, 8.74227732730172e-08], [0.9999999999999953, 4.3711393948875354e-08, -8.742277899866691e-08], [-8.742278282003777e-08, 8.74227694516459e-08, -0.9999999999999923]]}, {"ID": 37, "centroid": [13.402206, -1730.5266, 1724.1], "coeffs": [300.2499943178113, 10.000000460424284, 22.499999078960432], "basis": [[-0.0001569549266524639, 0.9999999876825599, -1.7484554992724533e-07], [-0.9999999876825714, -0.00015695492663758692, 8.742277245155239e-08], [8.73953285042659e-08, 1.748592692084357e-07, 0.9999999999999809]]}, {"ID": 38, "centroid": [1600.4387, -1912.1069, 1724.1], "coeffs": [198.49999638640472, 10.000000337250125, 22.499999078960432], "basis": [[-1.3113416641452602e-07, -0.9999999999999761, -1.7484554739960225e-07], [0.9999999999999879, -1.3113418162458146e-07, 8.742277352791552e-08], [-8.742279645614117e-08, -1.7484553593548755e-07, 0.9999999999999809]]}, {"ID": 39, "centroid": [1600.4387, -1512.1069, 1724.1], "coeffs": [198.49999638640472, 10.000000337250125, 22.499999078960432], "basis": [[-1.3113416641452602e-07, -0.9999999999999761, -1.7484554739960225e-07], [0.9999999999999879, -1.3113418162458146e-07, 8.742277352791552e-08], [-8.742279645614117e-08, -1.7484553593548755e-07, 0.9999999999999809]]}, {"ID": 40, "centroid": [1400.4387, -1512.1069, 775.9], "coeffs": [198.49999638640097, 10.000000337250048, 22.499999078960172], "basis": [[-4.37113869544703e-08, 0.9999999999999953, 8.74227736998028e-08], [0.9999999999999953, 4.3711394392964564e-08, -8.742277899866687e-08], [-8.74227828200378e-08, 8.742276987843148e-08, -0.9999999999999923]]}, {"ID": 41, "centroid": [1400.4387, -1912.1069, 775.9], "coeffs": [198.49999638640097, 10.000000337250048, 22.499999078960172], "basis": [[-4.37113869544703e-08, 0.9999999999999953, 8.74227736998028e-08], [0.9999999999999953, 4.3711394392964564e-08, -8.742277899866687e-08], [-8.74227828200378e-08, 8.742276987843148e-08, -0.9999999999999923]]}, {"ID": 42, "centroid": [213.5492, -2666.2354, 775.9], "coeffs": [211.0000025604709, 10.000000460698885, 22.499999078960172], "basis": [[0.00015712976684922886, -0.9999999876551143, 8.742277682244797e-08], [-0.9999999876551143, -0.00015712976685677837, -8.74227779206011e-08], [8.743651356191697e-08, -8.74090390225118e-08, -0.9999999999999923]]}, {"ID": 43, "centroid": [213.48242, -2241.2354, 775.9], "coeffs": [211.0000025604709, 10.000000460698885, 22.499999078960172], "basis": [[0.00015712976684922886, -0.9999999876551143, 8.742277682244797e-08], [-0.9999999876551143, -0.00015712976685677837, -8.74227779206011e-08], [8.743651356191697e-08, -8.74090390225118e-08, -0.9999999999999923]]}, {"ID": 44, "centroid": [-1791.6019, 1426.5383, 2762.702], "coeffs": [341.2075000000052, 234.99850000000362, 37.2981], "basis": [[0.9999999999999845, -1.7484554999999734e-07, 0.0], [1.7484554999999734e-07, 0.9999999999999847, 0.0], [0.0, 0.0, 1.0]]}, {"ID": 45, "centroid": [1720.7955, 411.13898, 2225.0], "coeffs": [224.99999537235018, 52.060500000000054, 575.0000125264], "basis": [[-4.3711388952871744e-08, 0.9999999999999992, 0.0], [-0.9999999999999992, -4.3711388619804836e-08, -0.0], [0.0, 0.0, 1.0]]}, {"ID": 46, "centroid": [37.0, 2779.6953, 1865.0], "coeffs": [65.00000085280006, 84.99999797270007, 64.99999962756], "basis": [[-4.371138917491635e-08, 0.9999999999999991, 0.0], [-0.9999999999999991, -4.3711389063894046e-08, -0.0], [0.0, 0.0, 1.0]]}, {"ID": 47, "centroid": [-545.5907, 684.5774, 2115.0], "coeffs": [65.00000085280006, 84.99999797270007, 64.99999962756], "basis": [[-4.371138917491635e-08, -0.9999999999999991, 0.0], [0.9999999999999991, -4.3711389063894046e-08, -0.0], [0.0, 0.0, 1.0]]}, {"ID": 48, "centroid": [2474.5923, 3003.1128, 1060.0], "coeffs": [75.00000501318759, 144.99999228963782, 210.0000048503], "basis": [[0.7071067811865475, -0.7071067811865475, 0.0], [0.7071067811865475, 0.7071067811865476, 0.0], [0.0, 0.0, 1.0]]}, {"ID": 49, "centroid": [-16.389088, 1793.4266, 2430.0], "coeffs": [735.0000251687507, 45.20755000000004, 300.00000382072], "basis": [[-4.3711389396960953e-08, 0.999999999999999, 0.0], [-0.999999999999999, -4.3711389507983256e-08, -0.0], [0.0, 0.0, 1.0]]}, {"ID": 50, "centroid": [-3197.401, 1688.3038, 400.55188], "coeffs": [50.000000294417724, 0.5519000000000004, 10.000000058883536], "basis": [[-0.999999594111648, -0.0009009864246946725, 4.3711389742611846e-08], [-4.371137199896352e-08, -3.9385260484245214e-11, -0.999999999999999], [0.0009009864246946734, -0.9999995941116488, 1.891722381772111e-15]]}, {"ID": 51, "centroid": [-2596.9915, 2188.845, 401.10382], "coeffs": [50.000000294417724, 0.5519000000000004, 10.000000058883536], "basis": [[-0.999999594111648, -0.0009009864246946725, 4.3711389742611846e-08], [-4.371137199896352e-08, -3.9385260484245214e-11, -0.999999999999999], [0.0009009864246946734, -0.9999995941116488, 1.891722381772111e-15]]}, {"ID": 52, "centroid": [-1997.4012, 1689.3851, 400.55188], "coeffs": [50.000000294417724, 0.5519000000000004, 10.000000058883536], "basis": [[-0.999999594111648, -0.0009009864246946725, 4.3711389742611846e-08], [-4.371137199896352e-08, -3.9385260484245214e-11, -0.999999999999999], [0.0009009864246946734, -0.9999995941116488, 1.891722381772111e-15]]}, {"ID": 53, "centroid": [-3196.9912, 2188.3044, 401.10382], "coeffs": [50.000000294417724, 0.5519000000000004, 10.000000058883536], "basis": [[-0.999999594111648, -0.0009009864246946725, 4.3711389742611846e-08], [-4.371137199896352e-08, -3.9385260484245214e-11, -0.999999999999999], [0.0009009864246946734, -0.9999995941116488, 1.891722381772111e-15]]}, {"ID": 54, "centroid": [-1397.4015, 1689.9258, 400.55188], "coeffs": [50.000000294417724, 0.5519000000000004, 10.000000058883536], "basis": [[-0.999999594111648, -0.0009009864246946725, 4.3711389742611846e-08], [-4.371137199896352e-08, -3.9385260484245214e-11, -0.999999999999999], [0.0009009864246946734, -0.9999995941116488, 1.891722381772111e-15]]}, {"ID": 55, "centroid": [-779.0018, 1690.483, 400.55188], "coeffs": [50.000000294417724, 0.5519000000000004, 10.000000058883536], "basis": [[-0.999999594111648, -0.0009009864246946725, 4.3711389742611846e-08], [-4.371137199896352e-08, -3.9385260484245214e-11, -0.999999999999999], [0.0009009864246946734, -0.9999995941116488, 1.891722381772111e-15]]}, {"ID": 56, "centroid": [-1396.9918, 2189.9263, 401.10382], "coeffs": [50.000000294417724, 0.5519000000000004, 10.000000058883536], "basis": [[-0.999999594111648, -0.0009009864246946725, 4.3711389742611846e-08], [-4.371137199896352e-08, -3.9385260484245214e-11, -0.999999999999999], [0.0009009864246946734, -0.9999995941116488, 1.891722381772111e-15]]}, {"ID": 57, "centroid": [-1996.9916, 2189.3855, 401.10382], "coeffs": [50.000000294417724, 0.5519000000000004, 10.000000058883536], "basis": [[-0.999999594111648, -0.0009009864246946725, 4.3711389742611846e-08], [-4.371137199896352e-08, -3.9385260484245214e-11, -0.999999999999999], [0.0009009864246946734, -0.9999995941116488, 1.891722381772111e-15]]}, {"ID": 58, "centroid": [-2597.4011, 1688.8445, 400.55188], "coeffs": [50.000000294417724, 0.5519000000000004, 10.000000058883536], "basis": [[-0.999999594111648, -0.0009009864246946725, 4.3711389742611846e-08], [-4.371137199896352e-08, -3.9385260484245214e-11, -0.999999999999999], [0.0009009864246946734, -0.9999995941116488, 1.891722381772111e-15]]}, {"ID": 59, "centroid": [1247.2307, 2023.5892, 425.547], "coeffs": [147.9250003685624, 115.68200028822734, 55.547], "basis": [[0.9052159977446101, -0.42495175894121195, 0.0], [0.42495175894121195, 0.9052159977446101, 0.0], [0.0, 0.0, 1.0]]}, {"ID": 60, "centroid": [-615.36456, 1945.1283, 2510.0], "coeffs": [149.99999338856512, 99.99999418750009, 90.00000255399999], "basis": [[-4.3711389841050163e-08, 0.9999999999999992, 0.0], [-0.9999999999999992, -4.3711389507983256e-08, -0.0], [0.0, 0.0, 1.0]]}, {"ID": 61, "centroid": [-633.3554, 1558.3241, 2278.2368], "coeffs": [159.99999794600154, 71.08035312660068, 88.2368093066], "basis": [[1.3907092522025266e-07, -0.9999999999999903, 0.0], [0.9999999999999903, 1.3907092522025266e-07, 0.0], [0.0, 0.0, 1.0]]}, {"ID": 62, "centroid": [2621.4102, 83.44043, 1525.0], "coeffs": [750.0000175317007, 35.000000598790045, 475.00000283500003], "basis": [[-4.371138828673793e-08, -0.9999999999999992, 0.0], [0.9999999999999992, -4.371138795367102e-08, -0.0], [0.0, 0.0, 1.0]]}, {"ID": 63, "centroid": [-2395.5476, -1211.3589, 4.0685], "coeffs": [1028.103758784, 535.865975913, 4.0685], "basis": [[1.192487997236924e-08, -0.9999999999999999, 0.0], [0.9999999999999999, 1.1924880083391542e-08, 0.0], [0.0, 0.0, 1.0]]}, {"ID": 64, "centroid": [2349.4722, 948.0433, 1325.0], "coeffs": [295.1714558000011, 40.136675556075154, 1324.99996587], "basis": [[-0.999999999999996, 8.742277750930111e-08, 0.0], [-8.742277750930111e-08, -0.9999999999999962, -0.0], [0.0, 0.0, 1.0]]}, {"ID": 65, "centroid": [-1641.3191, -2340.793, 1998.4663], "coeffs": [243.24400009677964, 102.54300004079887, 250.341], "basis": [[2.8208889988778907e-05, 0.9999999996021293, 0.0], [-0.9999999996021293, 2.8208889988778907e-05, 0.0], [0.0, 0.0, 1.0]]}, {"ID": 66, "centroid": [-480.5908, 685.13165, 1685.0], "coeffs": [234.99999600000018, 20.00010000000002, 234.99999599999998], "basis": [[-4.371138739855951e-08, -0.9999999999999991, 0.0], [0.9999999999999991, -4.371138728753721e-08, -0.0], [0.0, 0.0, 1.0]]}, {"ID": 67, "centroid": [-199.63809, 2438.5967, 765.0], "coeffs": [155.00000049279143, 50.0000021167799, 165.00000393018], "basis": [[-0.2421463063360798, -0.9702397468295109, 0.0], [0.9702397468295109, -0.24214630633607992, -0.0], [0.0, 0.0, 1.0]]}, {"ID": 68, "centroid": [-33.19232, -1128.7739, 1319.5], "coeffs": [297.5000036685171, 281.70900347379586, 297.482], "basis": [[-0.00015704234806346307, 0.9999999876688503, 0.0], [-0.9999999876688503, -0.0001570423480635741, -0.0], [0.0, 0.0, 1.0]]}, {"ID": 69, "centroid": [2646.9697, 2178.1226, 1575.0], "coeffs": [299.99999713695024, 9.440400000000011, 374.99999748204], "basis": [[-4.37113869544703e-08, -0.9999999999999992, 0.0], [0.9999999999999992, -4.371138662140339e-08, -0.0], [0.0, 0.0, 1.0]]}, {"ID": 70, "centroid": [2646.9697, 1408.3184, 1575.0], "coeffs": [299.99999713695024, 9.440400000000011, 374.99999748204], "basis": [[-4.37113869544703e-08, -0.9999999999999992, 0.0], [0.9999999999999992, -4.371138662140339e-08, -0.0], [0.0, 0.0, 1.0]]}, {"ID": 71, "centroid": [2406.2744, 85.82777, 520.0], "coeffs": [749.999994175, 250.00000000000006, 520.000012], "basis": [[1.1924880638503055e-08, -1.0, 0.0], [1.0, 1.192488041645845e-08, 0.0], [0.0, 0.0, 1.0]]}, {"ID": 72, "centroid": [-3091.8618, -1994.5791, 166.24094], "coeffs": [123.7795, 123.6935, 68.241], "basis": [[1.0, 0.0, 0.0], [0.0, 1.0, 0.0], [0.0, 0.0, 1.0]]}, {"ID": 73, "centroid": [-3083.9834, -972.9382, 815.24097], "coeffs": [123.7795, 123.6935, 68.241], "basis": [[1.0, 0.0, 0.0], [0.0, 1.0, 0.0], [0.0, 0.0, 1.0]]}, {"ID": 74, "centroid": [-2720.1636, -2417.1738, 814.82404], "coeffs": [170.07000000000033, 182.81150000000036, 67.824], "basis": [[0.9999999999999978, -6.357302599999988e-08, 0.0], [6.357302599999988e-08, 0.999999999999998, 0.0], [0.0, 0.0, 1.0]]}, {"ID": 75, "centroid": [-3160.0671, -933.4567, 1454.8239], "coeffs": [170.07, 182.8115, 67.824], "basis": [[1.0, 0.0, 0.0], [0.0, 1.0, 0.0], [0.0, 0.0, 1.0]]}, {"ID": 76, "centroid": [-3104.7896, -1985.4368, 494.82397], "coeffs": [170.07, 182.8115, 67.824], "basis": [[1.0, 0.0, 0.0], [0.0, 1.0, 0.0], [0.0, 0.0, 1.0]]}, {"ID": 77, "centroid": [-3076.3313, -975.1013, 478.01205], "coeffs": [114.3285, 119.087, 51.012], "basis": [[1.0, 0.0, 0.0], [0.0, 1.0, 0.0], [0.0, 0.0, 1.0]]}, {"ID": 78, "centroid": [-3076.813, -1972.8651, 1438.012], "coeffs": [114.3285, 119.087, 51.012], "basis": [[1.0, 0.0, 0.0], [0.0, 1.0, 0.0], [0.0, 0.0, 1.0]]}, {"ID": 79, "centroid": [-3168.0476, -964.61676, 1792.36], "coeffs": [208.6045, 182.4375, 85.36], "basis": [[1.0, 0.0, 0.0], [0.0, 1.0, 0.0], [0.0, 0.0, 1.0]]}, {"ID": 80, "centroid": [-3144.7458, -440.53976, 821.10693], "coeffs": [247.35300000000024, 116.6405000000001, 74.107], "basis": [[-4.371139006309477e-08, 0.9999999999999991, 0.0], [-0.9999999999999991, -4.3711389952072466e-08, -0.0], [0.0, 0.0, 1.0]]}, {"ID": 81, "centroid": [-3105.4307, -1466.7465, 821.10693], "coeffs": [247.35300000000024, 116.6405000000001, 74.107], "basis": [[-4.371139006309477e-08, 0.9999999999999991, 0.0], [-0.9999999999999991, -4.3711389952072466e-08, -0.0], [0.0, 0.0, 1.0]]}, {"ID": 82, "centroid": [-2352.059, -2399.424, 2101.107], "coeffs": [247.3530000000005, 116.64050000000023, 74.107], "basis": [[0.9999999999999978, -6.357302599999988e-08, 0.0], [6.357302599999988e-08, 0.999999999999998, 0.0], [0.0, 0.0, 1.0]]}, {"ID": 83, "centroid": [-3268.8855, -475.18, 1572.3026], "coeffs": [275.0000198415502, 228.40600000000026, 422.3025], "basis": [[-4.371138784264872e-08, 0.9999999999999991, 0.0], [-0.9999999999999991, -4.3711387731626417e-08, -0.0], [0.0, 0.0, 1.0]]}, {"ID": 84, "centroid": [-3122.5232, -1997.136, 820.30597], "coeffs": [151.6925, 129.706, 73.306], "basis": [[1.0, 0.0, 0.0], [0.0, 1.0, 0.0], [0.0, 0.0, 1.0]]}, {"ID": 85, "centroid": [-2698.3171, -2365.2107, 500.30597], "coeffs": [151.6925000000003, 129.70600000000024, 73.306], "basis": [[0.9999999999999978, -6.357302599999988e-08, 0.0], [6.357302599999988e-08, 0.999999999999998, 0.0], [0.0, 0.0, 1.0]]}, {"ID": 86, "centroid": [-3135.997, -973.69904, 1140.3059], "coeffs": [151.6925, 129.706, 73.306], "basis": [[1.0, 0.0, 0.0], [0.0, 1.0, 0.0], [0.0, 0.0, 1.0]]}, {"ID": 87, "centroid": [-3256.906, -1981.4539, 1144.9664], "coeffs": [158.0605, 117.6145, 77.9665], "basis": [[1.0, 0.0, 0.0], [0.0, 1.0, 0.0], [0.0, 0.0, 1.0]]}, {"ID": 88, "centroid": [-3153.8796, -959.1854, 175.96648], "coeffs": [158.0605, 117.6145, 77.9665], "basis": [[1.0, 0.0, 0.0], [0.0, 1.0, 0.0], [0.0, 0.0, 1.0]]}, {"ID": 89, "centroid": [-2732.173, -2382.0647, 175.96648], "coeffs": [158.0605000000003, 117.61450000000025, 77.9665], "basis": [[0.9999999999999978, -6.357302599999988e-08, 0.0], [6.357302599999988e-08, 0.999999999999998, 0.0], [0.0, 0.0, 1.0]]}, {"ID": 90, "centroid": [-70.9842, -2453.7798, 833.60004], "coeffs": [366.49800451934175, 206.26750254351543, 67.5835], "basis": [[-0.00015704234806346307, 0.9999999876688503, 0.0], [-0.9999999876688503, -0.0001570423480635741, -0.0], [0.0, 0.0, 1.0]]}, {"ID": 91, "centroid": [34.94301, -3252.8088, 986.194], "coeffs": [197.519, 129.489, 146.194], "basis": [[-1.1924881082592265e-08, 1.0, 0.0], [1.0, 1.1924880971569962e-08, 0.0], [0.0, 0.0, 1.0]]}, {"ID": 92, "centroid": [-17.59793, -1729.7715, 402.5], "coeffs": [299.0000198520144, 285.499989903143, 302.49998332894995], "basis": [[-0.00015704235714442127, 0.999999987668849, 0.0], [-0.999999987668849, -0.00015704235714431025, -0.0], [0.0, 0.0, 1.0]]}, {"ID": 93, "centroid": [-677.31323, -2285.7166, 1660.0], "coeffs": [130.00000002554594, 215.0000001130994, 660.0000070554], "basis": [[0.00019867816711593989, -0.9999999802634927, 0.0], [0.9999999802634927, 0.0001986781671160509, 0.0], [0.0, 0.0, 1.0]]}, {"ID": 94, "centroid": [-1100.2361, -2286.407, 255.0], "coeffs": [639.9999946575, 375.0000262755, 254.99998777770003], "basis": [[-1.0, -0.0, -0.0], [0.0, 1.0, 0.0], [0.0, 0.0, 1.0]]}, {"ID": 95, "centroid": [3163.4258, -3056.1216, 267.6925], "coeffs": [207.695, 346.978, 267.6925], "basis": [[1.1924881082592265e-08, -1.0, 0.0], [1.0, 1.1924880971569962e-08, 0.0], [0.0, 0.0, 1.0]]}, {"ID": 96, "centroid": [2265.969, 1852.4712, 472.43], "coeffs": [884.9999519340009, 380.00000586944026, 472.43], "basis": [[-4.3711391617407e-08, -0.999999999999999, 0.0], [0.999999999999999, -4.3711391728429305e-08, -0.0], [0.0, 0.0, 1.0]]}, {"ID": 97, "centroid": [1889.4669, 3371.5586, 1000.0], "coeffs": [140.00000516562028, 113.94518831800774, 150.00000269085], "basis": [[0.9163773856670885, 0.40031548438444425, 0.0], [-0.40031548438444425, 0.9163773856670885, 0.0], [0.0, 0.0, 1.0]]}, {"ID": 98, "centroid": [205.73804, 3388.3708, 1000.0], "coeffs": [140.0000040841014, 113.94518743776585, 150.00000269085], "basis": [[-0.9190095365759416, 0.39423529989395034, 0.0], [0.39423529989395034, 0.9190095365759416, 0.0], [0.0, 0.0, 1.0]]}, {"ID": 99, "centroid": [1687.696, 398.5168, 350.0], "coeffs": [299.9999815235, 300.00000107485, 349.99998904579996], "basis": [[1.0, 0.0, 0.0], [0.0, 1.0, 0.0], [0.0, 0.0, 1.0]]}, {"ID": 100, "centroid": [-1241.4681, -2737.4253, 555.4639], "coeffs": [50.5945, 25.24495, 85.728], "basis": [[1.0, 0.0, 0.0], [0.0, 1.0, 0.0], [0.0, 0.0, 1.0]]}, {"ID": 101, "centroid": [-3325.7578, 481.3377, 2150.0], "coeffs": [86.5345, 98.031, 99.99999817090999], "basis": [[1.0, 0.0, 0.0], [0.0, 1.0, 0.0], [0.0, 0.0, 1.0]]}, {"ID": 102, "centroid": [-2869.4531, 2050.394, 1765.0], "coeffs": [68.93100000000005, 7.9265500065632155, 15.165700012557275], "basis": [[1.7787993300544258e-12, -4.371138999999996e-08, -0.9999999999999991], [-0.999999999171996, -4.069407796635172e-05, 1.1102230246251565e-16], [-4.06940779664627e-05, 0.999999999171995, -4.3711390036193e-08]]}, {"ID": 103, "centroid": [-2869.457, 2142.7253, 1765.0], "coeffs": [68.93100000000005, 7.9265500065632155, 15.165700012557275], "basis": [[1.7787993300544258e-12, -4.371138999999996e-08, -0.9999999999999991], [-0.999999999171996, -4.069407796635172e-05, 1.1102230246251565e-16], [-4.06940779664627e-05, 0.999999999171995, -4.3711390036193e-08]]}, {"ID": 104, "centroid": [-2869.4248, 1350.3942, 1765.0], "coeffs": [68.93100000000005, 7.9265500065632155, 15.165700012557275], "basis": [[1.7787993300544258e-12, -4.371138999999996e-08, -0.9999999999999991], [-0.999999999171996, -4.069407796635172e-05, 1.1102230246251565e-16], [-4.06940779664627e-05, 0.999999999171995, -4.3711390036193e-08]]}, {"ID": 105, "centroid": [-2869.4287, 1442.7256, 1765.0], "coeffs": [68.93100000000005, 7.9265500065632155, 15.165700012557275], "basis": [[1.7787993300544258e-12, -4.371138999999996e-08, -0.9999999999999991], [-0.999999999171996, -4.069407796635172e-05, 1.1102230246251565e-16], [-4.06940779664627e-05, 0.999999999171995, -4.3711390036193e-08]]}, {"ID": 106, "centroid": [2288.7605, -1006.4277, 960.5], "coeffs": [302.3125, 362.916, 960.5], "basis": [[1.1924881082592265e-08, -1.0, 0.0], [1.0, 1.1924880971569962e-08, 0.0], [0.0, 0.0, 1.0]]}, {"ID": 107, "centroid": [-716.15027, -1368.1781, 949.71], "coeffs": [424.99998474870495, 250.00000115360007, 949.71], "basis": [[1.192488086054766e-08, -1.0, 0.0], [1.0, 1.1924880749525357e-08, 0.0], [0.0, 0.0, 1.0]]}, {"ID": 108, "centroid": [1472.6155, -6318.618, 1750.0], "coeffs": [2500.0000000000095, 345.7005000000013, 1749.9999000000003], "basis": [[-0.999999999999996, -8.742277999999967e-08, 0.0], [8.742277999999967e-08, -0.9999999999999962, -0.0], [0.0, 0.0, 1.0]]}, {"ID": 109, "centroid": [-3923.2805, 5471.0596, 1010.0], "coeffs": [3184.725, 359.079, 1750.0000131965], "basis": [[1.0, 0.0, 0.0], [0.0, 1.0, 0.0], [0.0, 0.0, 1.0]]}, {"ID": 110, "centroid": [796.03906, 5548.4204, 4550.0], "coeffs": [3184.725, 359.079, 1750.0000131965], "basis": [[1.0, 0.0, 0.0], [0.0, 1.0, 0.0], [0.0, 0.0, 1.0]]}, {"ID": 111, "centroid": [-715.9627, -1041.8918, 855.1748], "coeffs": [68.5035, 37.7442, 25.1748], "basis": [[1.0, 0.0, 0.0], [0.0, 1.0, 0.0], [0.0, 0.0, 1.0]]}, {"ID": 112, "centroid": [968.8263, 3408.4456, 970.2285], "coeffs": [249.656, 44.90415, 120.2285], "basis": [[1.0, 0.0, 0.0], [0.0, 1.0, 0.0], [0.0, 0.0, 1.0]]}, {"ID": 113, "centroid": [-262.68234, 1571.4762, 2125.0], "coeffs": [134.9999984799001, 88.5945000000001, 105.00000643124999], "basis": [[-4.371138961900556e-08, 0.9999999999999991, 0.0], [-0.9999999999999991, -4.3711389507983256e-08, -0.0], [0.0, 0.0, 1.0]]}, {"ID": 114, "centroid": [2232.2764, 3425.5486, 1810.0], "coeffs": [366.1335, 69.8605, 949.999946112], "basis": [[1.0, 0.0, 0.0], [0.0, 1.0, 0.0], [0.0, 0.0, 1.0]]}, {"ID": 115, "centroid": [-274.3718, 3131.2756, 1800.0], "coeffs": [285.00000061410026, 69.86050000000007, 949.999946112], "basis": [[4.371138739855951e-08, -0.9999999999999991, 0.0], [-0.9999999999999991, -4.371138728753721e-08, -0.0], [0.0, 0.0, 1.0]]}, {"ID": 116, "centroid": [19.901184, 3425.5486, 1769.2626], "coeffs": [366.1335, 69.8605, 949.999946112], "basis": [[-1.0, -0.0, -0.0], [0.0, 1.0, 0.0], [0.0, 0.0, 1.0]]}, {"ID": 117, "centroid": [-2178.0232, -2477.7434, 247.05142], "coeffs": [249.99998728440286, 286.32600000000326, 149.0515], "basis": [[-0.9999999999999887, -1.509958043128073e-07, 0.0], [1.509958043128073e-07, -0.9999999999999886, -0.0], [0.0, 0.0, 1.0]]}, {"ID": 118, "centroid": [-3210.9653, -1481.6034, 247.05142], "coeffs": [249.99998728440025, 286.32600000000036, 149.0515], "basis": [[-4.3711386732425694e-08, 0.9999999999999991, 0.0], [-0.9999999999999991, -4.371138662140339e-08, -0.0], [0.0, 0.0, 1.0]]}, {"ID": 119, "centroid": [-3210.9653, -445.17996, 149.0515], "coeffs": [249.99998728440025, 286.32600000000036, 149.0515], "basis": [[-4.3711386732425694e-08, 0.9999999999999991, 0.0], [-0.9999999999999991, -4.371138662140339e-08, -0.0], [0.0, 0.0, 1.0]]}, {"ID": 120, "centroid": [-2707.2651, -2432.807, 1450.5514], "coeffs": [157.0775000000003, 178.04150000000038, 63.5515], "basis": [[0.9999999999999978, -6.357302599999988e-08, 0.0], [6.357302599999988e-08, 0.999999999999998, 0.0], [0.0, 0.0, 1.0]]}, {"ID": 121, "centroid": [-2687.7402, -2398.9824, 1796.1], "coeffs": [139.0250000000003, 162.80850000000032, 69.1025], "basis": [[0.9999999999999978, -6.357302599999988e-08, 0.0], [6.357302599999988e-08, 0.999999999999998, 0.0], [0.0, 0.0, 1.0]]}, {"ID": 122, "centroid": [-171.8491, 568.3714, 1313.882], "coeffs": [164.99999512430014, 104.4042462368501, 193.88193387569999], "basis": [[-4.371138873082714e-08, 0.9999999999999992, 0.0], [-0.9999999999999992, -4.371138839776023e-08, -0.0], [0.0, 0.0, 1.0]]}, {"ID": 123, "centroid": [-141.3095, 3187.9329, 938.8445], "coeffs": [153.30800000000013, 81.92550000000007, 88.8445], "basis": [[4.371139006309477e-08, -0.9999999999999991, 0.0], [-0.9999999999999991, -4.3711389952072466e-08, -0.0], [0.0, 0.0, 1.0]]}, {"ID": 124, "centroid": [-578.7202, 1931.5631, 888.8445], "coeffs": [153.30800000000013, 81.92550000000007, 88.8445], "basis": [[-4.371139006309477e-08, -0.9999999999999991, 0.0], [0.9999999999999991, -4.3711389952072466e-08, -0.0], [0.0, 0.0, 1.0]]}, {"ID": 125, "centroid": [-3323.6768, 677.63727, 1555.0], "coeffs": [174.99999607442018, 89.8755000000001, 124.99999619449999], "basis": [[-4.371138961900556e-08, -0.9999999999999991, 0.0], [0.9999999999999991, -4.3711389507983256e-08, -0.0], [0.0, 0.0, 1.0]]}, {"ID": 126, "centroid": [-3287.2402, 895.0573, 875.0], "coeffs": [119.9999958790001, 79.99999807100008, 105.00000189459999], "basis": [[-4.371138873082714e-08, 0.999999999999999, 0.0], [-0.999999999999999, -4.371138884184944e-08, -0.0], [0.0, 0.0, 1.0]]}, {"ID": 127, "centroid": [-560.64966, -1055.5703, 900.0], "coeffs": [54.99999752862731, 21.12912500000089, 79.99999846671], "basis": [[-2.900667142036184e-07, -0.9999999999999579, 0.0], [0.9999999999999579, -2.900667142036184e-07, -0.0], [0.0, 0.0, 1.0]]}, {"ID": 128, "centroid": [-206.66368, 2405.9634, 2116.1604], "coeffs": [179.99999751000016, 54.999999467200055, 96.1605], "basis": [[-4.371138784264872e-08, 0.9999999999999991, 0.0], [-0.9999999999999991, -4.3711387731626417e-08, -0.0], [0.0, 0.0, 1.0]]}, {"ID": 129, "centroid": [514.9451, 3414.3188, 1025.0], "coeffs": [69.99999625915001, 69.99999625915001, 174.99999663300002], "basis": [[1.0, 0.0, 0.0], [0.0, 1.0, 0.0], [0.0, 0.0, 1.0]]}, {"ID": 130, "centroid": [1844.2263, 370.65518, 715.4319], "coeffs": [165.01100384932482, 94.73550220996002, 15.4319], "basis": [[0.20558888520408702, 0.9786384471706293, 0.0], [-0.9786384471706293, 0.20558888520408714, 0.0], [0.0, 0.0, 1.0]]}, {"ID": 131, "centroid": [1349.6399, -3646.8845, 1000.0], "coeffs": [399.99999434512097, 215.00000757562754, 1000.0000245074001], "basis": [[0.9999999857021973, -0.00016910234996353335, 0.0], [0.00016910234996353335, 0.9999999857021975, 0.0], [0.0, 0.0, 1.0]]}, {"ID": 132, "centroid": [-562.0905, 1544.3036, 867.85223], "coeffs": [140.0000032089, 74.9999965, 70.0000019173], "basis": [[1.192488086054766e-08, -1.0, 0.0], [1.0, 1.1924880638503055e-08, 0.0], [0.0, 0.0, 1.0]]}, {"ID": 133, "centroid": [44.52925, -1641.8463, 955.0], "coeffs": [149.999998481675, 150.000000339, 114.999996561], "basis": [[1.0, 0.0, 0.0], [0.0, 1.0, 0.0], [0.0, 0.0, 1.0]]}, {"ID": 134, "centroid": [1055.619, 1723.977, 680.5955], "coeffs": [270.6425, 259.0765, 310.5955], "basis": [[1.0, 0.0, 0.0], [0.0, 1.0, 0.0], [0.0, 0.0, 1.0]]}, {"ID": 135, "centroid": [-104.969086, 560.3432, 40.2134], "coeffs": [172.07899802739925, 171.1044980385703, 40.2134], "basis": [[0.17148310196576988, -0.9851870612935383, 0.0], [0.9851870612935383, 0.17148310196576944, 0.0], [0.0, 0.0, 1.0]]}, {"ID": 136, "centroid": [3338.955, -2704.9468, 1230.0], "coeffs": [52.02450000000005, 55.00000117177506, 90.000000441], "basis": [[-4.3711388064693324e-08, -0.9999999999999991, 0.0], [0.9999999999999991, -4.371138795367102e-08, -0.0], [0.0, 0.0, 1.0]]}, {"ID": 137, "centroid": [-624.5027, 1189.3851, 1560.0], "coeffs": [79.9999985565, 84.99999745379999, 120.000000588], "basis": [[1.0, 0.0, 0.0], [0.0, 1.0, 0.0], [0.0, 0.0, 1.0]]}, {"ID": 138, "centroid": [1684.9387, -1712.1069, 891.35004], "coeffs": [290.86600000000084, 214.61850000000064, 259.3505], "basis": [[7.549789993177569e-08, -0.9999999999999971, 0.0], [0.9999999999999971, 7.5497900042798e-08, 0.0], [0.0, 0.0, 1.0]]}, {"ID": 139, "centroid": [-233.00797, 562.3092, 1726.9645], "coeffs": [153.19250000000014, 106.1690000000001, 156.9645], "basis": [[-4.371139006309477e-08, 0.9999999999999991, 0.0], [-0.9999999999999991, -4.3711389952072466e-08, -0.0], [0.0, 0.0, 1.0]]}, {"ID": 140, "centroid": [-266.40964, 1139.3143, 2176.9646], "coeffs": [179.99999259850014, 106.16900000000011, 156.9645], "basis": [[-4.3711388064693324e-08, 0.9999999999999991, 0.0], [-0.9999999999999991, -4.371138795367102e-08, -0.0], [0.0, 0.0, 1.0]]}, {"ID": 141, "centroid": [-618.9072, 1953.8271, 2289.315], "coeffs": [120.0000052785, 100.00000035557001, 95.00000104979999], "basis": [[1.1924880194413845e-08, -1.0, 0.0], [1.0, 1.1924880083391542e-08, 0.0], [0.0, 0.0, 1.0]]}, {"ID": 142, "centroid": [-2697.3892, 667.2665, 400.0], "coeffs": [264.99999484400024, 264.9999867624003, 400.00000502579996], "basis": [[-4.371139028513937e-08, -0.9999999999999991, 0.0], [0.9999999999999991, -4.371139017411707e-08, -0.0], [0.0, 0.0, 1.0]]}, {"ID": 143, "centroid": [-2715.8684, -2495.725, 1135.1819], "coeffs": [174.36500000000035, 187.31700000000038, 68.182], "basis": [[0.9999999999999978, -6.357302599999988e-08, 0.0], [6.357302599999988e-08, 0.999999999999998, 0.0], [0.0, 0.0, 1.0]]}, {"ID": 144, "centroid": [-3215.07, -1461.5367, 1488.8934], "coeffs": [290.1499917589002, 282.22150000000033, 498.8935], "basis": [[-4.3711391617407e-08, 0.9999999999999992, 0.0], [-0.9999999999999992, -4.3711391284340095e-08, -0.0], [0.0, 0.0, 1.0]]}, {"ID": 145, "centroid": [-2173.3804, -2539.1853, 1488.8934], "coeffs": [305.14998844442346, 282.2215000000032, 498.8935], "basis": [[-0.9999999999999889, -1.5099580476894505e-07, 0.0], [1.5099580476894505e-07, -0.9999999999999886, -0.0], [0.0, 0.0, 1.0]]}, {"ID": 146, "centroid": [1014.29675, 2983.5068, 426.50076], "coeffs": [1074.999977046, 236.4260640295, 26.50075], "basis": [[1.0, 0.0, 0.0], [0.0, 1.0, 0.0], [0.0, 0.0, 1.0]]}, {"ID": 147, "centroid": [2375.7832, 87.36033, 386.50076], "coeffs": [753.5845886310005, 236.42606402950025, 26.50075], "basis": [[-4.3711386732425694e-08, -0.9999999999999992, 0.0], [0.9999999999999992, -4.371138639935879e-08, -0.0], [0.0, 0.0, 1.0]]}, {"ID": 148, "centroid": [-45.870495, -3178.156, 396.7705], "coeffs": [299.9999909159446, 300.0000108507451, 396.7705], "basis": [[-0.00015704234347380108, 0.9999999876688512, 0.0], [-0.9999999876688512, -0.00015704234347357904, -0.0], [0.0, 0.0, 1.0]]}, {"ID": 149, "centroid": [-639.8356, 1194.4062, 1122.147], "coeffs": [123.054, 67.3365, 82.147], "basis": [[1.1924881082592265e-08, -1.0, 0.0], [1.0, 1.1924880971569962e-08, 0.0], [0.0, 0.0, 1.0]]}, {"ID": 150, "centroid": [1309.3424, 879.8158, 2427.436], "coeffs": [1335.5, 5.0, 211.0], "basis": [[1.0, 0.0, 0.0], [0.0, 1.0, 0.0], [0.0, 0.0, 1.0]]}, {"ID": 151, "centroid": [1305.1771, 879.134, 2425.0], "coeffs": [1350.0, 20.000000999999997, 225.0], "basis": [[1.0, 0.0, 0.0], [0.0, 1.0, 0.0], [0.0, 0.0, 1.0]]}, {"ID": 152, "centroid": [1597.5022, 890.1949, 1100.0], "coeffs": [700.0, 10.000000331559999, 1100.000018], "basis": [[1.0, 0.0, 0.0], [0.0, 1.0, 0.0], [0.0, 0.0, 1.0]]}, {"ID": 153, "centroid": [1945.2217, 870.07043, 1124.9615], "coeffs": [700.0, 10.000000331559999, 1100.000018], "basis": [[1.0, 0.0, 0.0], [0.0, 1.0, 0.0], [0.0, 0.0, 1.0]]}, {"ID": 154, "cent